coefs<-list(outcome_coef = list(heart_failure_1 = c(Intercept = -3, 
                                             sexMale = 0.160229777975407, educationMedium = 0.0666508673668865, 
                                             educationHigh = -0.03768667537285, `agegroups45-50` = -0.0475615044168541, 
                                             `agegroups50-55` = 0, `agegroups55-60` = 0, `agegroups60-65` = 0, 
                                             `agegroups65-70` = 0.0749428063524837, `agegroups70-75` = 0.356961472245786, 
                                             `agegroups75-80` = 0.644771924340508, `agegroups80-85` = 0.622170869372384, 
                                             `agegroupsabove 85` = 1.050261295781, tertile_incomeIncome_q2 = 0, 
                                             tertile_incomeIncome_q3 = 0.05165999722186, index_heart_failureYes = 2.75821361884911, 
                                             `diabetes_duration5-10` = -0.073776575589532, `diabetes_durationabove 10` = 0.129778345143571, 
                                             `secondline_duration1-3` = -0.312705283005746, `secondline_durationabove 3` = -0.228836921060234, 
                                             first_2ndlinesglt2_inhib = 0.0972041944047177, first_2ndlineother = -0.23269994797776, 
                                             insulin_0 = -0.161460937037178, GS_0 = 0.122076213347936), heart_failure_2 = c(Intercept = -2.5, 
                                                                                                                            sexMale = 0.217587801327317, educationMedium = -0.0393224588655716, 
                                                                                                                            educationHigh = -0.228132327461813, `agegroups45-50` = -0.109689750735907, 
                                                                                                                            `agegroups50-55` = 0.152575531529136, `agegroups55-60` = 0.0787408311070208, 
                                                                                                                            `agegroups60-65` = 0.0887788738812419, `agegroups65-70` = 0.296037089812494, 
                                                                                                                            `agegroups70-75` = 0.527911936503075, `agegroups75-80` = 0.631888557675894, 
                                                                                                                            `agegroups80-85` = 0.711979780336919, `agegroupsabove 85` = 0.584178052726714, 
                                                                                                                            tertile_incomeIncome_q2 = 0.154123369593788, tertile_incomeIncome_q3 = 0.021352025348416, 
                                                                                                                            index_heart_failureYes = 2.12210857515063, `diabetes_duration5-10` = -0.315596135417288, 
                                                                                                                            `diabetes_durationabove 10` = 0.0200191068177728, `secondline_duration1-3` = 0.0269016508772455, 
                                                                                                                            `secondline_durationabove 3` = 0.0603401059581816, first_2ndlinesglt2_inhib = -0.0425136818864428, 
                                                                                                                            first_2ndlineother = -0.242917843521532, insulin_0 = 0.0575180817616626, 
                                                                                                                            insulin_1 = -0.0638771342342117, GS_0 = 0, GS_1 = -0.53000417944191
                                             ), heart_failure_3 = c(Intercept = -2, sexMale = 0.236479201299562, 
                                                                    educationMedium = -0.106879116291825, educationHigh = -0.0162542339525108, 
                                                                    `agegroups45-50` = -0.124452614937714, `agegroups50-55` = 0.500337205233812, 
                                                                    `agegroups55-60` = 0.573436233555278, `agegroups60-65` = 0.727881686873945, 
                                                                    `agegroups65-70` = 0.882127347713909, `agegroups70-75` = 0.924708446214678, 
                                                                    `agegroups75-80` = 1.04563090084985, `agegroups80-85` = 1.19674976490379, 
                                                                    `agegroupsabove 85` = 1.52503817350548, tertile_incomeIncome_q2 = -0.0952988720113697, 
                                                                    tertile_incomeIncome_q3 = -0.0648027076241311, index_heart_failureYes = 2.01003132118319, 
                                                                    `diabetes_duration5-10` = -0.300615925317238, `diabetes_durationabove 10` = -0.0473626182696989, 
                                                                    `secondline_duration1-3` = 0.0910308407825924, `secondline_durationabove 3` = 0.166505070400477, 
                                                                    first_2ndlinesglt2_inhib = 0.109903789776157, first_2ndlineother = -0.269894965462509, 
                                                                    insulin_0 = 0.0428104605680878, insulin_1 = -0.19466808723235, 
                                                                    insulin_2 = 0.275471563064142, GS_0 = -0.0497923383925471, GS_1 = 0.14018276200858, 
                                                                    GS_2 = -0.585447347525994)),